temperature, °C   power, W
-1.000000e+27 0.000000e+00
-1.000000e+27 0.000000e+00
3.278740e+01 0.000000e+00
-1.000000e+27 0.000000e+00
3.057328e+01 0.000000e+00
-1.000000e+27 0.000000e+00
3.300738e+01 0.000000e+00
3.357283e+01 0.000000e+00
3.393161e+01 0.000000e+00
3.443395e+01 0.000000e+00
3.453361e+01 7.926008e+00
3.197011e+01 0.000000e+00
3.183943e+01 0.000000e+00
3.105528e+01 0.000000e+00
-1.000000e+27 0.000000e+00
3.111295e+01 0.000000e+00
-1.000000e+27 0.000000e+00
-1.000000e+27 0.000000e+00
-1.000000e+27 0.000000e+00
-1.000000e+27 0.000000e+00
3.093926e+01 0.000000e+00
-1.000000e+27 0.000000e+00
3.103048e+01 0.000000e+00
-1.000000e+27 0.000000e+00
-1.000000e+27 0.000000e+00
-1.000000e+27 0.000000e+00
-1.000000e+27 0.000000e+00
-1.000000e+27 0.000000e+00
-1.000000e+27 0.000000e+00
-1.000000e+27 0.000000e+00
-1.000000e+27 0.000000e+00
-1.000000e+27 0.000000e+00
-1.000000e+27 0.000000e+00
-1.000000e+27 0.000000e+00
-1.000000e+27 0.000000e+00
3.056709e+01 0.000000e+00
3.151530e+01 0.000000e+00
3.000000e+01 0.000000e+00
